b0_llama_3p1_8b_instruct_multidb30 run log
checked_at: 2026-04-30T15:30:10.597485+00:00
model: meta-llama/Llama-3.1-8B-Instruct
subset: multidb_30
total: 30
executable_count: 28
execution_match_count: 25
EX: 0.8333333333333334
elapsed_seconds: 19.46
