b1v3_qwen3_8b_bird_minidev_30 run log
checked_at: 2026-04-30T20:11:59.391959+00:00
model: Qwen/Qwen3-8B
subset: bird_minidev_30
benchmark_group: external_validation
total: 30
executable_count: 26
execution_match_count: 2
EX: 0.06666666666666667
avg_reduction_ratio: 0.8714285714285714
avg_link_confidence: 0.6327778830132462
fallback_rate: 0.6
elapsed_seconds: 73.52
