b2v3_qwen2p5_coder_7b_bird_minidev_30 run log
checked_at: 2026-04-30T21:36:49.251197+00:00
model: Qwen/Qwen2.5-Coder-7B-Instruct
subset: bird_minidev_30
benchmark_group: external_validation
total: 30
executable_count: 27
execution_match_count: 6
EX: 0.2
avg_reduction_ratio: 0.0
avg_link_confidence: 0.6327778830132462
fallback_rate: 0.9666666666666667
repair_rate: 0.0
latency_avg_ms: 7101.810661951701
elapsed_seconds: 213.31
