b3v3_qwen2p5_coder_7b_multidb30 run log
checked_at: 2026-04-30T20:04:16.967094+00:00
model: Qwen/Qwen2.5-Coder-7B-Instruct
subset: multidb_30
benchmark_group: internal_core
total: 30
executable_count: 30
execution_match_count: 24
EX: 0.8
avg_reduction_ratio: 0.9097222222222222
avg_link_confidence: 0.5372884971228852
fallback_rate: 0.7666666666666667
elapsed_seconds: 19.89
