b3v3_qwen2p5_coder_7b_bird_minidev_30 run log
checked_at: 2026-04-30T20:06:28.728930+00:00
model: Qwen/Qwen2.5-Coder-7B-Instruct
subset: bird_minidev_30
benchmark_group: external_validation
total: 30
executable_count: 27
execution_match_count: 7
EX: 0.23333333333333334
avg_reduction_ratio: 0.7473901098901099
avg_link_confidence: 0.6451458384823252
fallback_rate: 0.5666666666666667
elapsed_seconds: 65.67
